Time	Temp_Diode	MKS1000	LowerEdge	Bandwidth	Center_Stimulus	QualityFactor	LowerEdge	Loss	Max_Freq
3820892610.073	293.640	986.690	648833686.000	55326.000	648861348.410	11727.964	648889012.000	76.549	648861348.410
3820892612.590	293.614	986.990	648833686.000	55326.000	648861348.410	11727.964	648889012.000	76.549	648861348.410
3820892615.058	293.614	987.502	648833686.000	55326.000	648861348.410	11727.964	648889012.000	76.549	648861348.410
3820892616.039	293.614	987.668	648833686.000	55326.000	648861348.410	11727.964	648889012.000	76.549	648861348.410
3820892618.341	293.641	988.052	648830782.000	58494.000	648860028.341	11092.762	648889276.000	76.724	648860028.341
3820892618.896	293.641	988.211	648830782.000	57484.000	648859523.363	11287.654	648888266.000	76.724	648859523.363
3820892622.364	293.651	988.525	648830782.000	57484.000	648859523.363	11287.654	648888266.000	76.724	648859523.363
3820892676.879	293.624	986.280	648831469.000	58853.000	648860894.833	11025.112	648890322.000	76.782	648860894.833
3820892678.228	293.624	986.288	648831469.000	58853.000	648860894.833	11025.112	648890322.000	76.782	648860894.833
3820892679.189	293.624	986.296	648831469.000	58853.000	648860894.833	11025.112	648890322.000	76.782	648860894.833
3820892680.285	293.662	986.299	648831469.000	58853.000	648860894.833	11025.112	648890322.000	76.782	648860894.833
3820892681.388	293.662	986.342	648831469.000	58853.000	648860894.833	11025.112	648890322.000	76.782	648860894.833
3820892713.391	293.668	986.485	648825020.000	70142.000	648860090.052	9250.664	648895162.000	77.377	648860090.052
3820892716.195	293.662	986.465	648825020.000	70142.000	648860090.052	9250.664	648895162.000	77.377	648860090.052
3820892717.138	293.662	986.462	648825020.000	70142.000	648860090.052	9250.664	648895162.000	77.377	648860090.052
3820893756.389	292.971	1009.359	648818233.000	69467.000	648852965.570	9340.449	648887700.000	77.404	648852965.570
3820893801.439	292.457	1003.109	648819197.000	68726.000	648853559.090	9441.166	648887923.000	77.372	648853559.090
3820893837.476	291.929	1007.247	648817295.000	68197.000	648851392.604	9514.369	648885492.000	77.380	648851392.604
3820893870.509	291.414	1005.665	648817376.000	68392.000	648851571.099	9487.244	648885768.000	77.412	648851571.099
3820893899.542	290.907	1008.687	648815590.000	67822.000	648849500.114	9566.947	648883412.000	77.387	648849500.114
3820893944.761	290.149	1009.908	648815781.000	65729.000	648848644.668	9871.573	648881510.000	77.225	648848644.668
3820893966.405	289.633	1008.541	648816950.000	64259.000	648849078.705	10097.404	648881209.000	77.232	648849078.705
3820893990.446	289.091	1004.242	648816970.000	65579.000	648849758.671	9894.170	648882549.000	77.212	648849758.671
3820894017.476	288.494	1010.036	648815565.000	65386.000	648848257.176	9923.351	648880951.000	77.215	648848257.176
3820894041.521	287.959	1007.298	648815571.000	64879.000	648848009.689	10000.894	648880450.000	77.206	648848009.689
3820894065.552	287.418	1007.078	648815938.000	65164.000	648848519.182	9957.162	648881102.000	77.158	648848519.182
3820894086.584	286.909	1009.710	648815293.000	64414.000	648847499.201	10073.082	648879707.000	77.062	648847499.201
3820894107.615	286.360	1007.543	648814957.000	63846.000	648846879.215	10162.686	648878803.000	77.016	648846879.215
3820894131.144	285.793	1007.794	648815216.000	64115.000	648847272.708	10120.054	648879331.000	76.870	648847272.708
3820894152.674	285.254	1009.549	648815150.000	64029.000	648847163.710	10133.645	648879179.000	76.821	648847163.710
3820894173.703	284.712	1007.891	648814284.000	64579.000	648846572.697	10047.331	648878863.000	76.849	648846572.697
3820894200.233	284.098	1008.414	648814375.000	63644.000	648846196.220	10194.931	648878019.000	76.964	648846196.220
3820894215.761	283.588	1009.234	648812848.000	64621.000	648845157.696	10040.779	648877469.000	76.962	648845157.696
3820894218.789	283.480	1009.246	648812848.000	64621.000	648845157.696	10040.779	648877469.000	76.962	648845157.696
3820894220.563	283.480	1009.230	648812848.000	64621.000	648845157.696	10040.779	648877469.000	76.962	648845157.696
3820894221.564	283.434	1009.228	648812848.000	64621.000	648845157.696	10040.779	648877469.000	76.962	648845157.696
3820894227.299	283.349	1009.164	648814040.000	63453.000	648845765.724	10225.612	648877493.000	76.955	648845765.724
3820894228.468	283.268	1009.151	648814040.000	63218.000	648845648.230	10263.622	648877258.000	76.955	648845648.230
3820894229.346	283.268	1009.101	648814040.000	63218.000	648845648.230	10263.622	648877258.000	76.955	648845648.230
3820894229.985	283.268	1009.047	648814040.000	63218.000	648845648.230	10263.622	648877258.000	76.955	648845648.230
3820894233.635	283.083	1008.801	648814040.000	63218.000	648845648.230	10263.622	648877258.000	76.955	648845648.230
3820894251.677	282.559	1008.254	648813283.000	63914.000	648845239.213	10151.848	648877197.000	76.846	648845239.213
3820894269.706	282.052	1008.885	648813773.000	63423.000	648845483.725	10230.445	648877196.000	76.907	648845483.725
3820894287.736	281.536	1009.075	648813175.000	64742.000	648845545.193	10022.019	648877917.000	76.925	648845545.193
3820894305.781	281.010	1008.709	648813288.000	63792.000	648845183.216	10171.263	648877080.000	76.906	648845183.216
3820894323.810	280.489	1008.674	648812056.000	65086.000	648844598.184	9969.035	648877142.000	76.915	648844598.184
3820894344.348	279.913	1009.273	648812445.000	65172.000	648845030.182	9955.886	648877617.000	76.920	648845030.182
3820894362.374	279.380	1009.262	648813025.000	64025.000	648845036.710	10134.245	648877050.000	76.824	648845036.710
3820894380.405	278.845	1009.075	648813128.000	63787.000	648845020.716	10172.057	648876915.000	76.873	648845020.716
3820894398.434	278.283	1009.183	648813308.000	63829.000	648845221.715	10165.367	648877137.000	76.845	648845221.715
3820894416.961	277.765	1009.345	648812213.000	65168.000	648844796.182	9956.494	648877381.000	76.935	648844796.182
3820894433.488	277.237	1009.272	648812766.000	64601.000	648845065.696	10043.886	648877367.000	76.851	648845065.696
3820894452.023	276.670	1009.408	648814015.000	63175.000	648845601.731	10270.607	648877190.000	76.771	648845601.731
3820894469.553	276.087	1009.507	648813359.000	63721.000	648845218.718	10182.596	648877080.000	76.840	648845218.718
3820894487.589	275.523	1009.688	648812464.000	65458.000	648845192.175	9912.390	648877922.000	76.851	648845192.175
3820894506.623	274.977	1009.661	648812935.000	64242.000	648845055.205	10100.013	648877177.000	76.884	648845055.205
3820894524.657	274.446	1009.695	648813683.000	63328.000	648845346.227	10245.789	648877011.000	76.824	648845346.227
3820894542.685	273.851	1009.931	648814119.000	63105.000	648845670.733	10282.001	648877224.000	76.826	648845670.733
3820894557.715	273.349	1009.892	648813285.000	63935.000	648845251.713	10148.514	648877220.000	76.831	648845251.713
3820894575.747	272.782	1009.863	648813516.000	64630.000	648845830.195	10039.391	648878146.000	76.867	648845830.195
3820894593.779	272.208	1009.952	648813984.000	64087.000	648846026.709	10124.456	648878071.000	76.864	648846026.709
3820894611.811	271.664	1009.931	648814488.000	64006.000	648846490.211	10137.276	648878494.000	76.833	648846490.211
3820894629.346	271.090	1010.108	648813622.000	65112.000	648846177.183	9965.078	648878734.000	76.904	648846177.183
3820894646.879	270.502	1010.119	648814875.000	64022.000	648846885.210	10134.749	648878897.000	76.812	648846885.210
3820894665.408	269.908	1010.102	648814387.000	64848.000	648846810.190	10005.656	648879235.000	76.915	648846810.190
3820894682.442	269.337	1010.178	648815174.000	64780.000	648847563.192	10016.171	648879954.000	76.838	648847563.192
3820894697.968	268.826	1010.211	648815317.000	64412.000	648847522.201	10073.395	648879729.000	76.834	648847522.201
3820894716.500	268.247	1010.330	648816081.000	64008.000	648848084.211	10136.984	648880089.000	76.851	648848084.211
3820894734.526	267.654	1010.386	648815578.000	65529.000	648848341.673	9901.698	648881107.000	76.898	648848341.673
3820894748.055	267.135	1010.404	648815254.000	65712.000	648848109.168	9874.119	648880966.000	76.879	648848109.168
3820894766.585	266.529	1010.487	648816091.000	64513.000	648848346.698	10057.637	648880604.000	76.826	648848346.698
3820894785.612	265.950	1010.513	648816700.000	64540.000	648848969.198	10053.439	648881240.000	76.827	648848969.198
3820894803.640	265.356	1010.531	648817909.000	63511.000	648849663.723	10216.335	648881420.000	76.839	648849663.723
3820894820.667	264.782	1010.541	648818371.000	63543.000	648850141.722	10211.198	648881914.000	76.781	648850141.722
3820894839.701	264.194	1010.691	648817999.000	64655.000	648850325.695	10035.578	648882654.000	76.828	648850325.695
3820894854.730	263.669	1010.677	648817732.000	65024.000	648850243.185	9978.627	648882756.000	76.850	648850243.185
3820894872.756	263.111	1010.680	648818969.000	63684.000	648850810.219	10188.600	648882653.000	76.796	648850810.219
3820894890.288	262.520	1010.786	648818957.000	64567.000	648851239.697	10049.270	648883524.000	76.791	648851239.697
3820894905.316	262.011	1010.821	648819177.000	65116.000	648851734.183	9964.551	648884293.000	76.814	648851734.183
3820894923.850	261.433	1010.855	648819706.000	65232.000	648852321.180	9946.841	648884938.000	76.855	648852321.180
3820894938.378	260.897	1010.805	648819398.000	66417.000	648852605.650	9769.375	648885815.000	76.889	648852605.650
3820894956.408	260.363	1010.865	648821425.000	63996.000	648853422.211	10138.968	648885421.000	76.783	648853422.211
3820894971.439	259.809	1011.001	648821084.000	65626.000	648853896.170	9887.147	648886710.000	76.879	648853896.170
3820894989.469	259.200	1011.106	648820745.000	65654.000	648853571.170	9882.925	648886399.000	76.810	648853571.170
3820895007.496	258.620	1011.126	648822037.000	64579.000	648854325.697	10047.451	648886616.000	76.812	648854325.697
3820895025.524	258.066	1011.046	648822511.000	65822.000	648855421.165	9857.729	648888333.000	76.735	648855421.165
3820895040.550	257.469	1011.056	648824051.000	64190.000	648856145.206	10108.368	648888241.000	76.737	648856145.206
3820895058.579	256.913	1011.132	648823383.000	66716.000	648856740.143	9725.654	648890099.000	76.785	648856740.143
3820895075.606	256.342	1011.335	648824464.000	64872.000	648856899.189	10002.110	648889336.000	76.798	648856899.189
3820895093.637	255.761	1011.332	648825292.000	65562.000	648858072.172	9896.862	648890854.000	76.783	648858072.172
3820895109.666	255.236	1011.215	648825962.000	65815.000	648858868.666	9858.830	648891777.000	76.799	648858868.666
3820895127.695	254.631	1011.221	648825717.000	67508.000	648859470.122	9611.594	648893225.000	76.796	648859470.122
3820895145.228	254.021	1011.466	648827010.000	66146.000	648860082.157	9809.514	648893156.000	76.733	648860082.157
3820895163.259	253.450	1011.497	648827692.000	66320.000	648860851.153	9783.788	648894012.000	76.738	648860851.153
3820895178.289	252.947	1011.529	648828702.000	65563.000	648861482.672	9896.763	648894265.000	76.634	648861482.672
3820895196.812	252.299	1011.550	648829421.000	65106.000	648861973.183	9966.239	648894527.000	76.647	648861973.183
3820895214.340	251.717	1011.562	648829916.000	66694.000	648863262.143	9728.960	648896610.000	76.624	648863262.143
3820895231.868	251.154	1011.618	648831373.000	65371.000	648864057.677	9925.870	648896744.000	76.642	648864057.677
3820895250.400	250.564	1011.635	648831046.000	66542.000	648864316.147	9751.199	648897588.000	76.689	648864316.147
3820895265.428	250.044	1011.844	648832632.000	65525.000	648865393.673	9902.562	648898157.000	76.577	648865393.673
3820895283.460	249.437	1011.718	648832126.000	67968.000	648866109.110	9546.641	648900094.000	76.679	648866109.110
3820895301.484	248.851	1011.941	648833933.000	66036.000	648866950.160	9825.958	648899969.000	76.580	648866950.160
3820895319.008	248.245	1011.771	648834701.000	65291.000	648867345.679	9938.083	648899992.000	76.502	648867345.679
3820895337.037	247.669	1011.820	648835877.000	65717.000	648868734.668	9873.682	648901594.000	76.543	648868734.668
3820895355.066	247.048	1012.265	648835970.000	66415.000	648869176.650	9769.919	648902385.000	76.547	648869176.650
3820895373.596	246.466	1012.032	648837410.000	66841.000	648870829.639	9707.677	648904251.000	76.552	648870829.639
3820895387.623	245.959	1012.019	648839130.000	65136.000	648871697.183	9961.798	648904266.000	76.441	648871697.183
3820895405.153	245.365	1012.106	648839619.000	65409.000	648872322.676	9920.230	648905028.000	76.461	648872322.676
3820895423.684	244.753	1012.084	648841435.000	64233.000	648873550.705	10101.872	648905668.000	76.412	648873550.705
3820895441.715	244.213	1012.135	648841692.000	65280.000	648874331.179	9939.864	648906972.000	76.412	648874331.179
3820895459.745	243.567	1012.054	648843122.000	63773.000	648875007.717	10174.761	648906895.000	76.413	648875007.717
3820895478.773	242.983	1012.007	648842975.000	65682.000	648875815.169	9879.051	648908657.000	76.419	648875815.169
3820895495.808	242.394	1012.168	648844257.000	64898.000	648876705.189	9998.408	648909155.000	76.408	648876705.189
3820895514.835	241.810	1012.068	648844957.000	65106.000	648877509.183	9966.478	648910063.000	76.390	648877509.183
3820895532.870	241.248	1012.033	648845286.000	66346.000	648878458.152	9780.220	648911632.000	76.429	648878458.152
3820895550.899	240.657	1012.216	648845481.000	66951.000	648878955.637	9691.849	648912432.000	76.443	648878955.637
3820895565.429	240.142	1012.208	648846979.000	65390.000	648879673.176	9923.225	648912369.000	76.453	648879673.176
3820895583.461	239.521	1012.243	648848059.000	65245.000	648880680.680	9945.294	648913304.000	76.405	648880680.680
3820895601.488	238.974	1012.344	648848244.000	66565.000	648881525.646	9748.089	648914809.000	76.452	648881525.646
3820895619.531	238.427	1012.296	648849952.000	65897.000	648882899.663	9846.926	648915849.000	76.405	648882899.663
3820895637.562	237.825	1012.259	648850565.000	66123.000	648883625.658	9813.282	648916688.000	76.415	648883625.658
3820895656.090	237.261	1012.268	648851964.000	65532.000	648884729.173	9901.800	648917496.000	76.390	648884729.173
3820895673.119	236.670	1012.509	648852375.000	66887.000	648885817.638	9701.225	648919262.000	76.411	648885817.638
3820895691.146	236.119	1012.440	648853986.000	65823.000	648886896.665	9858.057	648919809.000	76.404	648886896.665
3820895708.175	235.554	1012.443	648855097.000	65079.000	648887635.684	9970.768	648920176.000	76.326	648887635.684
3820895724.200	235.038	1012.465	648856272.000	65070.000	648888806.184	9972.165	648921342.000	76.317	648888806.184
3820895742.229	234.524	1012.401	648856142.000	66994.000	648889638.135	9685.787	648923136.000	76.406	648889638.135
3820895760.261	233.889	1012.446	648857980.000	65315.000	648890636.678	9934.787	648923295.000	76.333	648890636.678
3820895778.787	233.340	1012.449	648859619.000	64789.000	648892012.691	10015.466	648924408.000	76.254	648892012.691
3820895796.319	232.784	1012.548	648860455.000	65009.000	648892958.686	9981.587	648925464.000	76.274	648892958.686
3820895813.863	232.188	1012.592	648861787.000	64862.000	648894217.190	10004.228	648926649.000	76.324	648894217.190
3820895831.389	231.624	1012.478	648863814.000	63897.000	648895761.714	10155.340	648927711.000	76.219	648895761.714
3820895850.930	231.093	1012.452	648864716.000	63453.000	648896441.724	10226.411	648928169.000	76.192	648896441.724
3820895865.458	230.569	1012.537	648865385.000	63754.000	648897261.217	10178.142	648929139.000	76.193	648897261.217
3820895883.487	230.057	1012.567	648867456.000	63448.000	648899179.225	10227.260	648930904.000	76.200	648899179.225
3820895901.017	229.463	1012.548	648868576.000	63541.000	648900345.722	10212.309	648932117.000	76.154	648900345.722
3820895919.546	228.884	1012.691	648869145.000	62949.000	648900618.737	10308.355	648932094.000	76.204	648900618.737
3820895938.075	228.350	1012.461	648871332.000	62248.000	648902455.254	10424.471	648933580.000	76.155	648902455.254
3820895954.601	227.781	1012.649	648872293.000	61672.000	648903128.267	10521.843	648933965.000	76.115	648903128.267
3820895972.136	227.227	1012.630	648873693.000	61993.000	648904688.760	10467.386	648935686.000	76.124	648904688.760
3820895990.164	226.681	1012.575	648874909.000	62783.000	648906299.741	10335.701	648937692.000	76.120	648906299.741
3820896009.690	226.166	1012.446	648875215.000	63563.000	648906995.722	10208.879	648938778.000	76.150	648906995.722
3820896027.219	225.613	1012.633	648878623.000	61090.000	648909167.281	10622.183	648939713.000	76.071	648909167.281
3820896044.747	225.065	1012.583	648878948.000	62262.000	648910078.253	10422.249	648941210.000	76.133	648910078.253
3820896060.780	224.562	1012.509	648880627.000	61755.000	648911503.765	10507.837	648942382.000	76.086	648911503.765
3820896077.811	223.966	1012.680	648881118.000	62099.000	648912166.757	10449.640	648943217.000	76.093	648912166.757
3820896096.840	223.456	1012.610	648883006.000	62012.000	648914011.259	10464.330	648945018.000	76.048	648914011.259
3820896114.369	222.941	1012.655	648883785.000	62863.000	648915215.739	10322.689	648946648.000	76.086	648915215.739
3820896131.901	222.400	1012.535	648886034.000	62074.000	648917070.258	10453.927	648948108.000	76.094	648917070.258
3820896150.428	221.861	1012.653	648886778.000	64107.000	648918830.708	10122.433	648950885.000	76.157	648918830.708
3820896168.961	221.346	1012.541	648888519.000	62957.000	648919996.737	10307.353	648951476.000	76.113	648919996.737
3820896186.488	220.822	1012.531	648889931.000	64350.000	648922105.202	10084.260	648954281.000	76.092	648922105.202
3820896204.518	220.250	1012.707	648890527.000	65226.000	648923139.180	9948.842	648955753.000	76.116	648923139.180
3820896221.548	219.743	1012.611	648892525.000	63882.000	648924465.214	10158.174	648956407.000	76.131	648924465.214
3820896239.581	219.169	1012.563	648894419.000	64632.000	648926734.195	10040.332	648959051.000	76.117	648926734.195
3820896258.610	218.660	1012.674	648894149.000	66046.000	648927171.160	9825.382	648960195.000	76.129	648927171.160
3820896275.640	218.081	1012.690	648896568.000	64800.000	648928967.191	10014.336	648961368.000	76.122	648928967.191
3820896297.672	217.506	1012.650	648897620.000	65044.000	648930141.185	9976.787	648962664.000	76.078	648930141.185
3820896320.700	216.822	1012.639	648899544.000	65008.000	648932047.186	9982.341	648964552.000	76.094	648932047.186
3820896339.234	216.311	1012.728	648900109.000	65718.000	648932967.168	9874.509	648965827.000	76.095	648932967.168
3820896357.262	215.787	1012.706	648901567.000	66520.000	648934826.148	9755.484	648968087.000	76.130	648934826.148
3820896378.804	215.191	1012.680	648903421.000	65861.000	648936350.664	9853.120	648969282.000	76.063	648936350.664
3820896398.833	214.529	1012.744	648904889.000	65915.000	648937845.663	9845.071	648970804.000	76.053	648937845.663
3820896423.362	213.854	1012.604	648906748.000	65667.000	648939580.669	9882.278	648972415.000	76.036	648939580.669
3820896441.888	213.327	1012.831	648907665.000	65675.000	648940501.669	9881.089	648973340.000	76.015	648940501.669
3820896462.919	212.768	1012.760	648909774.000	65515.000	648942530.673	9905.251	648975289.000	75.976	648942530.673
3820896480.952	212.225	1012.656	648911028.000	64992.000	648943523.186	9984.975	648976020.000	75.958	648943523.186
3820896498.980	211.705	1012.793	648913393.000	63486.000	648945135.224	10221.862	648976879.000	75.946	648945135.224
3820896514.009	211.194	1012.911	648915529.000	63245.000	648947150.730	10260.845	648978774.000	75.815	648947150.730
3820896536.040	210.686	1012.773	648916253.000	63754.000	648948129.217	10178.940	648980007.000	75.834	648948129.217
3820896557.070	210.151	1012.763	648918521.000	63321.000	648950180.728	10248.578	648981842.000	75.790	648950180.728
3820896577.107	209.547	1012.789	648920005.000	62566.000	648951287.246	10372.267	648982571.000	75.768	648951287.246
3820896597.635	208.983	1012.847	648921486.000	63378.000	648953174.226	10239.408	648984864.000	75.775	648953174.226
3820896618.674	208.392	1012.907	648924110.000	61769.000	648954993.765	10506.160	648985879.000	75.749	648954993.765
3820896638.710	207.782	1012.865	648926171.000	61213.000	648956776.778	10601.617	648987384.000	75.740	648956776.778
3820896660.750	207.186	1012.859	648927672.000	61946.000	648958644.261	10476.199	648989618.000	75.751	648958644.261
3820896680.784	206.630	1012.887	648929744.000	60631.000	648960058.792	10703.437	648990375.000	75.647	648960058.792
3820896702.815	206.073	1012.958	648931891.000	61126.000	648962453.280	10616.799	648993017.000	75.674	648962453.280
3820896724.847	205.478	1012.879	648934815.000	59382.000	648964505.321	10928.640	648994197.000	75.615	648964505.321
3820896745.378	204.832	1013.024	648934537.000	61377.000	648965224.774	10573.427	648995914.000	75.644	648965224.774
3820896766.907	204.304	1012.963	648937567.000	60828.000	648967980.287	10668.902	648998395.000	75.687	648967980.287
3820896790.439	203.683	1012.938	648938665.000	61741.000	648969534.766	10511.160	649000406.000	75.708	648969534.766
3820896810.972	203.133	1012.890	648940279.000	60872.000	648970714.286	10661.235	649001151.000	75.658	648970714.286
3820896830.503	202.545	1012.891	648942457.000	60648.000	648972780.292	10700.646	649003105.000	75.602	648972780.292
3820896854.536	202.015	1012.855	648943819.000	60669.000	648974152.791	10696.965	649004488.000	75.675	648974152.791
3820896877.062	201.385	1013.019	648944924.000	61838.000	648975842.263	10494.774	649006762.000	75.627	648975842.263
3820896897.868	200.762	1012.998	648803527.000	61422.000	648834237.273	10563.548	648864949.000	86.018	648834237.273
3820896919.203	200.218	1012.929	648949624.000	62014.000	648980630.259	10465.066	649011638.000	75.704	648980630.259
3820896941.229	199.704	1012.920	648950331.000	61367.000	648981013.775	10575.407	649011698.000	75.659	648981013.775
3820896962.260	199.101	1012.952	648952583.000	62546.000	648983855.247	10376.105	649015129.000	75.656	648983855.247
3820896987.793	198.471	1012.958	648956056.000	61352.000	648986731.275	10578.086	649017408.000	75.635	648986731.275
3820897004.818	197.951	1012.977	648956940.000	61878.000	648987878.263	10488.184	649018818.000	75.655	648987878.263
3820897025.353	197.406	1012.960	648958933.000	62919.000	648990391.738	10314.697	649021852.000	75.707	648990391.738
3820897047.890	196.897	1013.092	648961024.000	61440.000	648991743.273	10563.017	649022464.000	75.603	648991743.273
3820897070.922	196.251	1013.012	0.000	0.000	0.000	0.000	0.000	0.000	0.000
3820897188.578	193.425	1013.235	648973526.000	61594.000	649004322.269	10536.811	649035120.000	75.541	649004322.269
3820897211.610	192.725	1013.135	648975124.000	62559.000	649006402.746	10374.309	649037683.000	75.588	649006402.746
3820897229.645	192.204	1013.209	648977054.000	61649.000	649007877.768	10527.468	649038703.000	75.570	649007877.768
3820897253.180	191.695	1013.212	648979660.000	60756.000	649010037.289	10682.238	649040416.000	75.516	649010037.289
3820897274.209	191.125	1013.218	648981373.000	61447.000	649012095.773	10562.145	649042820.000	75.562	649012095.773
3820897295.234	190.585	1013.123	648983016.000	61157.000	649013593.780	10612.254	649044173.000	75.617	649013593.780
3820897317.264	190.049	1013.235	648985895.000	60197.000	649015992.802	10781.534	649046092.000	75.497	649015992.802
3820897337.790	189.478	1013.173	648987739.000	59669.000	649017572.814	10876.964	649047408.000	75.547	649017572.814
3820897366.317	188.876	1013.208	648991699.000	60378.000	649021887.298	10749.311	649052077.000	75.434	649021887.298
3820897390.346	188.242	1013.148	648993547.000	59328.000	649023210.322	10939.577	649052875.000	75.411	649023210.322
3820897414.877	187.643	1013.202	648995383.000	59744.000	649025254.313	10863.438	649055127.000	75.321	649025254.313
3820897443.417	186.985	1013.301	648998696.000	58538.000	649027964.340	11087.293	649057234.000	75.451	649027964.340
3820897465.443	186.397	1013.386	648999983.000	59989.000	649029976.807	10819.150	649059972.000	75.368	649029976.807
3820898077.693	172.299	1013.518	649059137.000	57284.000	649087778.368	11331.048	649116421.000	75.007	649087778.368
3820898097.734	171.761	1013.625	649060379.000	57209.000	649088982.870	11345.924	649117588.000	75.003	649088982.870
3820898125.266	171.168	1013.594	649063151.000	56510.000	649091405.385	11486.310	649119661.000	75.012	649091405.385
3820898149.297	170.642	1013.604	649065628.000	56395.000	649093824.888	11509.776	649122023.000	74.984	649093824.888
3820898173.328	170.100	1013.585	649067674.000	57361.000	649096353.866	11315.987	649125035.000	75.001	649096353.866
3820898195.859	169.588	1013.599	649069398.000	58581.000	649098687.839	11080.362	649127979.000	75.065	649098687.839
3820898218.888	169.060	1013.601	649072331.000	56515.000	649100587.885	11485.457	649128846.000	75.053	649100587.885
3820898244.420	168.492	1013.661	649073482.000	58653.000	649102807.838	11066.830	649132135.000	75.072	649102807.838
3820898271.351	167.937	1013.740	649076183.000	58611.000	649105487.838	11074.807	649134794.000	75.055	649105487.838
3820898296.379	167.422	1013.648	649078752.000	58731.000	649108116.836	11052.223	649137483.000	74.992	649108116.836
3820898322.407	166.841	1013.874	649081100.000	58845.000	649110521.833	11030.853	649139945.000	74.995	649110521.833
3820898350.441	166.235	1013.739	649083387.000	59748.000	649113260.313	10864.184	649143135.000	75.001	649113260.313
3820898373.972	165.704	1013.791	649086000.000	58989.000	649115493.830	11004.009	649144989.000	74.957	649115493.830
3820898401.004	165.197	1013.731	649089254.000	58348.000	649118427.344	11124.947	649147602.000	74.845	649118427.344
3820898423.528	164.691	1013.852	649090987.000	59668.000	649120820.314	10878.877	649150655.000	74.877	649120820.314
3820898449.057	164.152	1013.816	649094937.000	58149.000	649124010.849	11163.116	649153086.000	74.822	649124010.849
3820898475.093	163.586	1013.814	649097562.000	58474.000	649126798.342	11101.118	649156036.000	74.845	649126798.342
3820898501.123	162.996	1013.864	649099467.000	58244.000	649128588.347	11144.986	649157711.000	74.863	649128588.347
3820898533.653	162.366	1013.825	649103127.000	57439.000	649131845.865	11301.239	649160566.000	74.767	649131845.865
3820898557.108	161.860	1013.965	649105974.000	56572.000	649134259.384	11474.480	649162546.000	74.809	649134259.384
3820898589.144	161.273	1013.865	649109520.000	57195.000	649138116.870	11349.561	649166715.000	74.740	649138116.870
3820898611.176	160.888	1013.947	649111143.000	56881.000	649139582.877	11412.239	649168024.000	74.748	649139582.877
3820898616.225	160.620	1013.889	649112257.000	57290.000	649140901.368	11330.789	649169547.000	74.714	649140901.368
3820898619.250	160.620	1013.876	649112257.000	57290.000	649140901.368	11330.789	649169547.000	74.714	649140901.368
3820898640.017	160.119	1013.953	649114852.000	56124.000	649142913.393	11566.227	649170976.000	74.718	649142913.393
3820898666.546	159.554	1013.965	649117206.000	56523.000	649145466.885	11484.625	649173729.000	74.696	649145466.885
3820898700.586	158.949	1013.976	649119938.000	57865.000	649148869.855	11218.334	649177803.000	74.682	649148869.855
3820898728.122	158.395	1014.022	649122621.000	57528.000	649151384.363	11284.094	649180149.000	74.731	649151384.363
3820898753.650	157.813	1014.156	649125132.000	57796.000	649154029.357	11231.816	649182928.000	74.699	649154029.357
3820898784.187	157.245	1014.006	649127790.000	57148.000	649156363.371	11359.214	649184938.000	74.638	649156363.371
3820898813.719	156.642	1014.007	649131591.000	56417.000	649159798.887	11506.457	649188008.000	74.621	649159798.887
3820898843.777	156.041	1014.017	649134626.000	56760.000	649163005.380	11436.980	649191386.000	74.674	649163005.380
3820898873.815	155.449	1014.109	649136497.000	57677.000	649165334.859	11255.186	649194174.000	74.666	649165334.859
3820898902.348	154.909	1014.108	649139874.000	56140.000	649167943.393	11563.376	649196014.000	74.600	649167943.393
3820898928.378	154.319	1014.059	649141615.000	56846.000	649170037.378	11419.802	649198461.000	74.614	649170037.378
3820898957.911	153.797	1014.147	649146783.000	55788.000	649174676.401	11636.457	649202571.000	74.530	649174676.401
3820898984.944	153.157	1014.147	649149667.000	55253.000	649177292.912	11749.177	649204920.000	74.398	649177292.912
3820899014.976	152.569	1014.137	649152295.000	55780.000	649180184.401	11638.225	649208075.000	74.473	649180184.401
3820899048.018	151.990	1014.074	649156665.000	53953.000	649183640.940	12032.392	649210618.000	74.440	649183640.940
3820899074.052	151.485	1014.198	649157858.000	54939.000	649185326.919	11816.475	649212797.000	74.483	649185326.919
3820899097.583	150.982	1014.195	649160305.000	54640.000	649187624.425	11881.179	649214945.000	74.364	649187624.425
3820899123.113	150.468	1014.140	649163386.000	53789.000	649190279.943	12069.202	649217175.000	74.337	649190279.943
3820899154.147	149.929	1014.232	649167168.000	52622.000	649193478.467	12336.921	649219790.000	74.367	649193478.467
3820899181.176	149.422	1014.118	649169636.000	53662.000	649196466.446	12097.881	649223298.000	74.381	649196466.446
3820899207.214	148.910	1014.166	649172101.000	53544.000	649198872.448	12124.587	649225645.000	74.325	649198872.448
3820899236.243	148.400	1014.235	649174961.000	53250.000	649201585.454	12191.579	649228211.000	74.308	649201585.454
3820899257.773	147.848	1014.130	649176363.000	53873.000	649203298.941	12050.625	649230236.000	74.346	649203298.941
3820899291.814	147.312	1014.159	649180163.000	54290.000	649207307.432	11958.138	649234453.000	74.239	649207307.432
3820899317.843	146.744	1014.220	649182724.000	54176.000	649209811.435	11983.347	649236900.000	74.237	649209811.435
3820899346.374	146.233	1014.201	649185315.000	53828.000	649212228.442	12060.865	649239143.000	74.199	649212228.442
3820899377.913	145.686	1014.249	649188423.000	54197.000	649215520.934	11978.809	649242620.000	74.226	649215520.934
3820899405.461	145.138	1014.224	649190825.000	55417.000	649218532.909	11715.151	649246242.000	74.292	649218532.909
3820899437.994	144.514	1014.148	649193687.000	54316.000	649220844.432	11952.663	649248003.000	74.212	649220844.432
3820899464.031	143.964	1014.165	649196197.000	55252.000	649223822.412	11750.232	649251449.000	74.359	649223822.412
3820899494.565	143.448	1014.233	649199074.000	54641.000	649226393.925	11881.671	649253715.000	74.372	649226393.925
3820899521.596	142.930	1014.160	649203161.000	52807.000	649229563.963	12294.385	649255968.000	74.316	649229563.963
3820899546.126	142.394	1014.274	649204442.000	53691.000	649231286.945	12091.995	649258133.000	74.271	649231286.945
3820899579.159	141.863	1014.207	649208517.000	53486.000	649235259.449	12138.415	649262003.000	74.215	649235259.449
3820899610.208	141.295	1014.351	649210782.000	53574.000	649237568.447	12118.520	649264356.000	74.170	649237568.447
3820899638.740	140.762	1014.290	649213313.000	53922.000	649240273.440	12040.360	649267235.000	74.213	649240273.440
3820899669.771	140.189	1014.313	649217333.000	54301.000	649244482.932	11956.400	649271634.000	74.208	649244482.932
3820899701.313	139.659	1014.306	649219814.000	54296.000	649246961.432	11957.547	649274110.000	74.146	649246961.432
3820899733.354	139.086	1014.347	649223733.000	53636.000	649250550.446	12104.753	649277369.000	74.185	649250550.446
3820899760.385	138.575	1014.334	649226141.000	54771.000	649253525.922	11853.965	649280912.000	74.165	649253525.922
3820899790.423	138.017	1014.351	649228904.000	54687.000	649256246.924	11872.223	649283591.000	74.176	649256246.924
3820899821.957	137.509	1014.291	649231572.000	54722.000	649258932.423	11864.678	649286294.000	74.144	649258932.423
3820899847.485	136.974	1014.424	649234179.000	55083.000	649261719.916	11786.971	649289262.000	74.169	649261719.916
3820899883.524	136.368	1014.255	649237862.000	55435.000	649265578.908	11712.196	649293297.000	74.140	649265578.908
3820899916.551	135.780	1014.372	649242419.000	53191.000	649269013.955	12206.370	649295610.000	74.118	649269013.955
3820899946.584	135.277	1014.392	649244993.000	54710.000	649272347.424	11867.526	649299703.000	74.107	649272347.424
3820899992.588	134.544	1014.377	649248826.000	54570.000	649276110.427	11898.041	649303396.000	74.086	649276110.427
3820900014.629	134.036	1014.353	649251847.000	53641.000	649278666.946	12104.149	649305488.000	74.030	649278666.946
3820900048.163	133.432	1014.353	649255289.000	53084.000	649281830.457	12231.215	649308373.000	74.019	649281830.457
3820900081.203	132.863	1014.351	649259879.000	52895.000	649286325.961	12275.004	649312774.000	73.906	649286325.961
3820900112.732	132.301	1014.407	649262079.000	51937.000	649288046.981	12501.455	649314016.000	73.920	649288046.981
3820900141.270	131.794	1014.412	649265308.000	52923.000	649291768.961	12268.612	649318231.000	73.850	649291768.961
3820900176.304	131.225	1014.388	649267979.000	52549.000	649294252.968	12355.977	649320528.000	73.844	649294252.968
3820900208.837	130.624	1014.385	649273409.000	52663.000	649299739.966	12329.334	649326072.000	73.808	649299739.966
3820900242.370	130.023	1014.319	649276175.000	52628.000	649302488.467	12337.586	649328803.000	73.752	649302488.467
3820900277.910	129.470	1014.376	649279609.000	52635.000	649305925.967	12336.011	649332244.000	73.866	649305925.967
3820900312.442	128.899	1014.453	649283769.000	51928.000	649309732.481	12504.039	649335697.000	73.689	649309732.481
3820900342.469	128.330	1014.439	649287222.000	51826.000	649313134.483	12528.714	649339048.000	73.661	649313134.483
3820900369.503	127.819	1014.386	649289292.000	51677.000	649315129.986	12564.877	649340969.000	73.582	649315129.986
3820900402.036	127.266	1014.415	649292552.000	50569.000	649317836.008	12840.235	649343121.000	73.589	649317836.008
3820900435.566	126.711	1014.350	649296149.000	50513.000	649321405.009	12854.541	649346662.000	73.610	649321405.009
3820900474.102	126.141	1014.364	649299541.000	51049.000	649325064.998	12719.643	649350590.000	73.727	649325064.998
3820900501.136	125.590	1014.375	649301876.000	51262.000	649327506.494	12666.839	649353138.000	73.637	649327506.494
3820900534.165	125.071	1014.423	649306153.000	49378.000	649330841.531	13150.205	649355531.000	73.601	649330841.531
3820900568.700	124.501	1014.557	649309510.000	50203.000	649334611.015	12934.179	649359713.000	73.519	649334611.015
3820900598.736	123.967	1014.611	649311439.000	51339.000	649337107.993	12648.028	649362778.000	73.624	649337107.993
3820900631.776	123.408	1014.656	649315590.000	51028.000	649341103.499	12725.192	649366618.000	73.528	649341103.499
3820900665.809	122.876	1014.602	649319721.000	50312.000	649344876.513	12906.362	649370033.000	73.566	649344876.513
3820900700.843	122.321	1014.609	649322481.000	51703.000	649348331.985	12559.200	649374184.000	73.446	649348331.985
3820900733.376	121.753	1014.719	649326687.000	51066.000	649352219.498	12715.941	649377753.000	73.471	649352219.498
3820900767.910	121.206	1014.728	649329362.000	50920.000	649354821.501	12752.451	649380282.000	73.506	649354821.501
3820900798.446	120.703	1014.707	649332672.000	51052.000	649358197.498	12719.545	649383724.000	73.522	649358197.498
3820900831.488	120.147	1014.760	649335239.000	50727.000	649360602.005	12801.084	649385966.000	73.446	649360602.005
3820900876.808	119.422	1014.768	649339040.000	50085.000	649364082.017	12965.241	649389125.000	73.340	649364082.017
3820900907.840	118.826	1014.784	649342998.000	49122.000	649367558.536	13219.485	649392120.000	73.332	649367558.536
3820900946.893	118.282	1014.732	649347569.000	47451.000	649371294.067	13685.092	649395020.000	73.319	649371294.067
3820900980.923	117.780	1014.799	649350329.000	48367.000	649374512.050	13425.983	649398696.000	73.249	649374512.050
3820901012.953	117.159	1014.739	649353990.000	47600.000	649377789.564	13642.391	649401590.000	73.289	649377789.564
3820901053.490	116.547	1014.786	649357819.000	48082.000	649381859.555	13505.716	649405901.000	73.212	649381859.555
3820901086.022	116.043	1014.828	649360683.000	47861.000	649384613.059	13568.137	649408544.000	73.156	649384613.059
3820901121.558	115.486	1014.789	649363752.000	48922.000	649388212.539	13273.951	649412674.000	73.168	649388212.539
3820901152.090	114.973	1014.787	649366695.000	48731.000	649391060.043	13326.036	649415426.000	73.194	649391060.043
3820901183.629	114.470	1014.805	649370042.000	48717.000	649394400.043	13329.934	649418759.000	73.215	649394400.043
3820901215.160	113.966	1014.809	649372585.000	49034.000	649397101.537	13243.812	649421619.000	73.134	649397101.537
3820901251.190	113.426	1014.840	649375523.000	50751.000	649400898.004	12795.825	649426274.000	73.275	649400898.004
3820901287.235	112.825	1014.827	649378130.000	50209.000	649403234.015	12934.001	649428339.000	73.169	649403234.015
3820901319.263	112.323	1014.917	649382097.000	49951.000	649407072.020	13000.882	649432048.000	73.153	649407072.020
3820901353.295	111.801	1014.853	649384538.000	49795.000	649409435.023	13041.660	649434333.000	73.116	649409435.023
3820901388.325	111.260	1014.887	649388969.000	48581.000	649413259.046	13367.639	649437550.000	73.021	649413259.046
3820901419.358	110.757	1015.005	649391007.000	48964.000	649415488.539	13263.122	649439971.000	72.942	649415488.539
3820901453.893	110.200	1014.908	649395218.000	48502.000	649419468.547	13389.540	649443720.000	72.893	649419468.547
3820901487.926	109.645	1014.916	649399404.000	46580.000	649422693.582	13942.093	649445984.000	72.847	649422693.582
3820901528.978	109.053	1014.943	649403400.000	46468.000	649426633.584	13975.782	649449868.000	72.793	649426633.584
3820901559.009	108.528	1014.945	649406091.000	46075.000	649429128.091	14095.043	649452166.000	72.801	649429128.091
3820901598.545	108.012	1014.923	649409303.000	46025.000	649432315.092	14110.425	649455328.000	72.782	649432315.092
3820901631.081	107.506	1014.885	649412738.000	45837.000	649435656.096	14168.372	649458575.000	72.757	649435656.096
3820901663.621	106.960	1014.878	649415479.000	45917.000	649438437.094	14143.747	649461396.000	72.679	649438437.094
3820901700.657	106.424	1014.983	649418224.000	45997.000	649441222.093	14119.208	649464221.000	72.586	649441222.093
3820901739.196	105.914	1014.957	649422578.000	45846.000	649445500.595	14165.805	649468424.000	72.628	649445500.595
3820901771.736	105.411	1015.021	649425037.000	45594.000	649447833.600	14244.151	649470631.000	72.558	649447833.600
3820901801.777	104.880	1015.041	649427928.000	44924.000	649450389.612	14456.647	649472852.000	72.631	649450389.612
3820901837.811	104.356	1015.101	649430804.000	45744.000	649453675.597	14197.571	649476548.000	72.595	649453675.597
3820901873.843	103.846	1015.079	649433498.000	46450.000	649456722.585	13981.845	649479948.000	72.593	649456722.585
3820901907.876	103.306	1015.091	649437243.000	46154.000	649460319.590	14071.593	649483397.000	72.607	649460319.590
3820901946.411	102.739	1015.136	649440908.000	45839.000	649463827.096	14168.368	649486747.000	72.584	649463827.096
3820901978.947	102.234	1015.092	649443822.000	45887.000	649466765.095	14153.611	649489709.000	72.571	649466765.095
3820902017.483	101.728	1015.175	649445598.000	48525.000	649469860.047	13384.232	649494123.000	72.645	649469860.047
3820902050.516	101.228	1015.116	649448889.000	46649.000	649472213.081	13922.532	649495538.000	72.539	649472213.081
3820902084.045	100.710	1015.189	649451640.000	47307.000	649475293.069	13728.947	649498947.000	72.518	649475293.069
3820902117.578	100.182	1015.194	649455987.000	45068.000	649478520.609	14411.079	649501055.000	72.492	649478520.609
3820902153.615	99.678	1015.183	649458106.000	46069.000	649481140.092	14098.008	649504175.000	72.490	649481140.092
3820902186.150	99.161	1015.334	649461813.000	46124.000	649484874.591	14081.278	649507937.000	72.446	649484874.591
3820902228.686	98.629	1015.269	649465592.000	45488.000	649488335.602	14278.235	649511080.000	72.372	649488335.602
3820902267.726	98.118	1015.272	649469562.000	45519.000	649492321.101	14268.598	649515081.000	72.337	649492321.101
3820902299.760	97.570	1015.374	649472181.000	45317.000	649494839.105	14332.256	649517498.000	72.467	649494839.105
3820902348.211	96.888	1015.330	649476507.000	44799.000	649498906.114	14498.067	649521306.000	72.345	649498906.114
3820902381.750	96.342	1015.369	649479947.000	44730.000	649502311.615	14520.508	649524677.000	72.262	649502311.615
3820902420.285	95.825	1015.320	649483522.000	44440.000	649505741.620	14615.341	649527962.000	72.308	649505741.620
3820902454.815	95.322	1015.413	649485559.000	44566.000	649507841.618	14574.066	649530125.000	72.291	649507841.618
3820902493.040	94.792	1015.350	649489187.000	44609.000	649511491.117	14560.100	649533796.000	72.210	649511491.117
3820902528.076	94.280	1015.400	649492926.000	43323.000	649514587.139	14992.373	649536249.000	72.162	649514587.139
3820902570.112	93.700	1015.502	649496208.000	43403.000	649517909.137	14964.816	649539611.000	72.134	649517909.137
3820902606.148	93.188	1015.406	649499943.000	42653.000	649521269.150	15228.032	649542596.000	72.035	649521269.150
3820902645.189	92.648	1015.476	649503107.000	43039.000	649524626.144	15091.536	649546146.000	72.031	649524626.144
3820902684.726	92.113	1015.437	649506336.000	43678.000	649528174.633	14870.831	649550014.000	72.077	649528174.633
3820902726.261	91.540	1015.420	649509364.000	44179.000	649531453.124	14702.267	649553543.000	72.111	649531453.124
3820902759.296	91.003	1015.549	649511917.000	43772.000	649533802.631	14839.025	649555689.000	72.038	649533802.631
3820902804.844	90.476	1015.504	649516014.000	43600.000	649537813.634	14897.656	649559614.000	72.002	649537813.634
3820902837.875	89.971	1015.543	649518599.000	43801.000	649540499.131	14829.353	649562400.000	72.039	649540499.131
3820902875.912	89.394	1015.572	649522169.000	43303.000	649543820.139	14999.973	649565472.000	71.989	649543820.139
3820902918.444	88.882	1015.746	649526759.000	41809.000	649547663.164	15536.073	649568568.000	71.909	649547663.164
3820902954.481	88.354	1015.731	649528804.000	42515.000	649550061.152	15278.139	649571319.000	71.818	649550061.152
3820902997.518	87.780	1015.718	649532501.000	41936.000	649553468.662	15489.161	649574437.000	71.773	649553468.662
3820903034.552	87.277	1015.755	649534905.000	42619.000	649556214.150	15241.001	649577524.000	71.742	649556214.150
3820903078.589	86.681	1015.744	649540115.000	41953.000	649561091.161	15483.067	649582068.000	71.772	649561091.161
3820903121.626	86.035	1015.851	649543476.000	42084.000	649564517.659	15434.952	649585560.000	71.681	649564517.659
3820903163.159	85.461	1015.919	649546491.000	42136.000	649567558.658	15415.976	649588627.000	71.646	649567558.658
3820903205.708	84.937	1015.985	649549373.000	42039.000	649570392.160	15451.614	649591412.000	71.691	649570392.160
3820903244.744	84.373	1016.070	649553230.000	41538.000	649573998.668	15638.066	649594768.000	71.566	649573998.668
3820903285.305	83.796	1016.096	649556546.000	41064.000	649577077.676	15818.651	649597610.000	71.529	649577077.676
3820903327.384	83.244	1016.132	649560516.000	40994.000	649581012.677	15845.758	649601510.000	71.541	649581012.677
3820903366.486	82.677	1016.271	649563879.000	40702.000	649584229.681	15959.516	649604581.000	71.493	649584229.681
3820903399.030	82.168	1016.474	649566305.000	40257.000	649586433.188	16135.987	649606562.000	71.406	649586433.188
3820903443.069	81.590	1016.506	649569484.000	39966.000	649589466.693	16253.552	649609450.000	71.386	649589466.693
3820903479.618	81.023	1016.612	649572793.000	39788.000	649592686.695	16326.347	649612581.000	71.346	649592686.695
3820903520.156	80.482	1016.749	649575811.000	39652.000	649595636.697	16382.418	649615463.000	71.275	649595636.697
3820903561.193	79.833	1016.908	649578403.000	39870.000	649598337.694	16292.910	649618273.000	71.314	649598337.694
3820903602.729	79.323	1017.015	649582463.000	38739.000	649601832.211	16768.678	649621202.000	71.233	649601832.211
3820903637.769	78.781	1017.146	649584359.000	39758.000	649604237.696	16338.957	649624117.000	71.242	649604237.696
3820903673.810	78.240	1017.279	649587606.000	39328.000	649607269.702	16517.679	649626934.000	71.181	649607269.702
3820903717.370	77.629	1017.455	649590516.000	39316.000	649610173.703	16522.794	649629832.000	71.121	649610173.703
3820903756.347	77.127	1017.629	649593555.000	39153.000	649613131.205	16591.657	649632708.000	71.092	649613131.205
3820903794.885	76.540	1017.819	649596691.000	38820.000	649616100.710	16734.057	649635511.000	71.072	649616100.710
3820903833.419	75.927	1017.896	649599795.000	38505.000	649619047.215	16871.031	649638300.000	71.069	649619047.215
3820903871.953	75.332	1018.099	649603004.000	38486.000	649622246.715	16879.443	649641490.000	71.054	649622246.715
3820904029.359	73.093	1018.762	649616137.000	35874.000	649634073.752	18108.772	649652011.000	70.693	649634073.752
3820904056.397	72.585	1018.774	649617909.000	35904.000	649635860.752	18093.690	649653813.000	70.701	649635860.752
3820904092.433	72.071	1019.053	649619822.000	36821.000	649638232.239	17643.145	649656643.000	70.713	649638232.239
3820904126.966	71.472	1019.199	649623199.000	36162.000	649641279.748	17964.750	649659361.000	70.562	649641279.748
3820904164.498	70.893	1019.204	649626180.000	36122.000	649644240.749	17984.725	649662302.000	70.483	649644240.749
3820904202.042	70.303	1019.379	649629776.000	33709.000	649646630.281	19272.201	649663485.000	70.411	649646630.281
3820904235.076	69.794	1019.486	649632098.000	34986.000	649649590.764	18568.844	649667084.000	70.479	649649590.764
3820904269.107	69.254	1019.753	649635276.000	34424.000	649652487.772	18872.080	649669700.000	70.386	649652487.772
3820904304.144	68.644	1019.810	649637190.000	34515.000	649654447.271	18822.380	649671705.000	70.358	649654447.271
3820904340.176	68.094	1020.013	649639640.000	34824.000	649657051.767	18655.440	649674464.000	70.323	649657051.767
3820904376.213	67.486	1020.110	649643080.000	34141.000	649660150.276	19028.738	649677221.000	70.273	649660150.276
3820904412.245	66.954	1020.358	649645886.000	33011.000	649662391.290	19680.179	649678897.000	70.140	649662391.290
3820904443.283	66.398	1020.497	649647793.000	33693.000	649664639.282	19281.888	649681486.000	70.134	649664639.282
3820904499.305	65.489	1020.656	649651711.000	33840.000	649668630.780	19198.246	649685551.000	70.138	649668630.780
3820904505.465	65.530	1020.627	649652542.000	32876.000	649668979.792	19761.193	649685418.000	70.098	649668979.792
3820904523.497	65.109	1020.777	649653344.000	33940.000	649670313.778	19141.730	649687284.000	70.142	649670313.778
3820904532.709	64.912	1020.816	649654297.000	33820.000	649671206.780	19209.675	649688117.000	70.120	649671206.780
3820904571.240	64.374	1020.972	649657748.000	32339.000	649673917.299	20089.487	649690087.000	70.022	649673917.299
3820904598.772	63.838	1021.025	649659493.000	33265.000	649676125.287	19530.321	649692758.000	69.943	649676125.287
3820904628.306	63.325	1021.220	649661540.000	33197.000	649678138.288	19570.387	649694737.000	69.942	649678138.288
3820904658.842	62.813	1021.371	649663719.000	32719.000	649680078.294	19856.355	649696438.000	69.871	649680078.294
3820904691.376	62.303	1021.576	649666475.000	33009.000	649682979.290	19681.995	649699484.000	69.796	649682979.290
3820904718.407	61.765	1021.588	649668357.000	32707.000	649684710.294	19863.782	649701064.000	69.823	649684710.294
3820904751.441	61.245	1021.795	649670180.000	32967.000	649686663.291	19707.182	649703147.000	69.785	649686663.291
3820904784.479	60.665	1021.837	649673226.000	32551.000	649689501.296	19959.126	649705777.000	69.733	649689501.296
3820904811.512	60.147	1021.977	649675383.000	32429.000	649691597.298	20034.278	649707812.000	69.690	649691597.298
3820904844.557	59.603	1022.117	649677697.000	31875.000	649693634.305	20382.545	649709572.000	69.622	649693634.305
3820904877.098	59.052	1022.239	649680606.000	31893.000	649696552.304	20371.133	649712499.000	69.558	649696552.304
3820904904.629	58.548	1022.330	649682583.000	31779.000	649698472.306	20444.271	649714362.000	69.491	649698472.306
3820904934.659	58.024	1022.486	649684283.000	31584.000	649700074.808	20570.544	649715867.000	69.486	649700074.808
3820904964.693	57.507	1022.600	649686522.000	31425.000	649702234.310	20674.693	649717947.000	69.430	649702234.310
3820904994.729	56.968	1022.695	649689649.000	30860.000	649705078.817	21053.308	649720509.000	69.344	649705078.817
3820905021.766	56.447	1022.819	649691702.000	30658.000	649707030.819	21192.088	649722360.000	69.303	649707030.819
3820905050.295	55.915	1022.980	649693324.000	30889.000	649708768.316	21033.661	649724213.000	69.330	649708768.316
3820905081.827	55.364	1023.038	649695329.000	30638.000	649710647.819	21206.040	649725967.000	69.264	649710647.819
3820905111.368	54.853	1023.069	649698412.000	29414.000	649713118.834	22088.567	649727826.000	69.205	649713118.834
3820905144.399	54.261	1023.175	649700642.000	30064.000	649715673.826	21611.085	649730706.000	69.102	649715673.826
3820905174.436	53.701	1023.327	649702500.000	30178.000	649717588.825	21529.511	649732678.000	69.064	649717588.825
3820905204.471	53.124	1023.378	649705564.000	29379.000	649720253.334	22115.125	649734943.000	69.003	649720253.334
3820905234.500	52.567	1023.516	649707802.000	29327.000	649722465.335	22154.413	649737129.000	68.938	649722465.335
3820905269.040	51.968	1023.599	649710755.000	28155.000	649724832.347	23076.712	649738910.000	68.858	649724832.347
3820905300.579	51.369	1023.661	649712654.000	29056.000	649727181.838	22361.205	649741710.000	68.794	649727181.838
3820905333.108	50.774	1023.785	649714699.000	28847.000	649729122.340	22523.282	649743546.000	68.756	649729122.340
3820905360.636	50.257	1023.866	649716647.000	28686.000	649730989.842	22649.759	649745333.000	68.698	649730989.842
3820905390.669	49.712	1024.015	649719631.000	28292.000	649733776.846	22965.283	649747923.000	68.593	649733776.846
3820905420.197	49.140	1023.969	649721496.000	28321.000	649735656.346	22941.833	649749817.000	68.559	649735656.346
3820905450.732	48.634	1024.047	649723523.000	28163.000	649737604.347	23070.611	649751686.000	68.493	649737604.347
3820905474.262	48.112	1024.039	649725430.000	28021.000	649739440.349	23187.589	649753451.000	68.464	649739440.349
3820905505.296	47.580	1024.138	649727368.000	27834.000	649741284.851	23343.439	649755202.000	68.393	649741284.851
3820905530.831	47.026	1024.110	649729364.000	27604.000	649743165.853	23538.008	649756968.000	68.340	649743165.853
3820905562.362	46.506	1024.310	649732557.000	27333.000	649746223.356	23771.493	649759890.000	68.266	649746223.356
3820905587.916	45.945	1024.393	649734618.000	27128.000	649748181.858	23951.201	649761746.000	68.222	649748181.858
3820905617.946	45.418	1024.425	649736618.000	26718.000	649749976.863	24318.810	649763336.000	68.206	649749976.863
3820905642.476	44.909	1024.428	649738568.000	26509.000	649751822.365	24510.612	649765077.000	68.077	649751822.365
3820905672.513	44.329	1024.583	649740604.000	26391.000	649753799.366	24620.280	649766995.000	68.045	649753799.366
3820905702.548	43.767	1024.555	649742233.000	26732.000	649755598.863	24306.285	649768965.000	68.012	649755598.863
3820905729.580	43.251	1024.570	649744425.000	26307.000	649757578.367	24699.037	649770732.000	67.929	649757578.367
3820905756.612	42.746	1024.644	649747182.000	25206.000	649759784.878	25777.981	649772388.000	67.856	649759784.878
3820905780.643	42.234	1024.516	649748148.000	26024.000	649761159.870	24967.767	649774172.000	67.814	649761159.870
3820905810.687	41.625	1024.692	649751125.000	25583.000	649763916.374	25398.269	649776708.000	67.713	649763916.374
3820905840.219	41.056	1024.644	649753134.000	25229.000	649765748.378	25754.717	649778363.000	67.557	649765748.378
3820905870.754	40.498	1024.581	649755151.000	24938.000	649767619.880	26055.322	649780089.000	67.559	649767619.880
3820905942.307	39.203	1024.669	649760390.000	24252.000	649772515.887	26792.533	649784642.000	67.303	649772515.887
3820905963.336	38.677	1024.730	649762441.000	22818.000	649773849.900	28476.372	649785259.000	67.209	649773849.900
3820905991.381	38.160	1024.561	649764270.000	23634.000	649776086.893	27493.276	649787904.000	67.146	649776086.893
3820906017.418	37.576	1024.583	649766142.000	23253.000	649777768.396	27943.825	649789395.000	67.034	649777768.396
3820906048.455	37.022	1024.466	649767992.000	23073.000	649779528.398	28161.900	649791065.000	66.963	649779528.398
3820906074.994	36.446	1024.381	649769702.000	22877.000	649781140.399	28403.250	649792579.000	66.882	649781140.399
3820906104.026	35.909	1024.195	649771522.000	22648.000	649782845.901	28690.518	649794170.000	66.805	649782845.901
3820906129.557	35.404	1024.076	649773308.000	22481.000	649784548.403	28903.721	649795789.000	66.740	649784548.403
3820906155.592	34.840	1023.839	649774900.000	22461.000	649786130.403	28929.528	649797361.000	66.631	649786130.403
3820906183.126	34.237	1023.525	649776743.000	22169.000	649787827.405	29310.651	649798912.000	66.558	649787827.405
3820906208.678	33.710	1023.130	649778522.000	21873.000	649789458.408	29707.377	649800395.000	66.465	649789458.408
3820906236.714	33.032	1022.908	649780206.000	21768.000	649791089.909	29850.748	649801974.000	66.395	649791089.909
3820906260.259	32.525	1022.574	649781885.000	21572.000	649792670.910	30122.041	649803457.000	66.309	649792670.910
3820906284.787	31.936	1022.152	649783620.000	21383.000	649794311.412	30388.360	649805003.000	66.224	649794311.412
3820906309.322	31.348	1021.756	649785348.000	21196.000	649795945.914	30656.536	649806544.000	66.144	649795945.914
3820906329.858	30.786	1021.464	649786152.000	21173.000	649796738.414	30689.876	649807325.000	66.100	649796738.414
3820906349.894	30.269	1021.244	649787917.000	20965.000	649798399.415	30994.438	649808882.000	66.003	649798399.415
3820906372.421	29.724	1021.010	649789394.000	20898.000	649799842.916	31093.877	649810292.000	65.933	649799842.916
3820906394.951	29.082	1020.869	649790380.000	20627.000	649800693.418	31502.433	649811007.000	65.876	649800693.418
3820906415.985	28.540	1020.586	649792166.000	20235.000	649802283.421	32112.789	649812401.000	65.700	649802283.421
3820906438.527	28.036	1020.361	649793703.000	20067.000	649803736.423	32381.708	649813770.000	65.653	649803736.423
3820906459.558	27.448	1020.099	649794417.000	20081.000	649804457.422	32359.168	649814498.000	65.608	649804457.422
3820906480.105	26.929	1019.797	649796028.000	19808.000	649805931.925	32805.227	649815836.000	65.428	649805931.925
3820906502.632	26.361	1019.496	649797482.000	18862.000	649806912.932	34450.584	649816344.000	65.368	649806912.932
3820906525.161	25.835	1019.169	649798329.000	19228.000	649807942.929	33794.879	649817557.000	65.324	649807942.929
3820906551.193	25.214	1018.838	649799773.000	19035.000	649809290.430	34137.604	649818808.000	65.214	649809290.430
3820906573.223	24.675	1018.471	649801243.000	19014.000	649810749.930	34175.384	649820257.000	65.110	649810749.930
3820906596.753	24.113	1018.058	649802603.000	18647.000	649811926.433	34848.068	649821250.000	65.081	649811926.433
3820906617.282	23.595	1017.692	649803428.000	18536.000	649812695.934	35056.792	649821964.000	64.978	649812695.934
3820906641.309	23.040	1017.283	649804632.000	18326.000	649813794.935	35458.572	649822958.000	64.872	649813794.935
3820906662.851	22.532	1016.762	649805828.000	18064.000	649814859.937	35972.922	649823892.000	64.759	649814859.937
3820906686.883	21.966	1016.255	649806873.000	17515.000	649815630.441	37100.521	649824388.000	64.657	649815630.441
3820906710.913	21.426	1015.708	649807555.000	17692.000	649816400.940	36729.392	649825247.000	64.618	649816400.940
3820906734.445	20.849	1015.171	649808516.000	17441.000	649817236.441	37258.026	649825957.000	64.454	649817236.441
3820906758.476	20.308	1014.588	649809301.000	17277.000	649817939.443	37611.735	649826578.000	64.372	649817939.443
3820906780.003	19.783	1014.006	649810035.000	17209.000	649818639.443	37760.395	649827244.000	64.301	649818639.443
3820906804.077	19.258	1013.440	649810414.000	17133.000	649818980.444	37927.916	649827547.000	64.267	649818980.444
3820906827.608	18.732	1012.913	649811181.000	16919.000	649819640.445	38407.686	649828100.000	64.190	649819640.445
3820906851.140	18.198	1012.471	649811712.000	16790.000	649820106.946	38702.806	649828502.000	64.144	649820106.946
3820906875.672	17.677	1011.936	649812000.000	16800.000	649820399.946	38679.786	649828800.000	64.060	649820399.946
3820906902.200	17.137	1011.409	649812343.000	16656.000	649820670.947	39014.209	649828999.000	64.014	649820670.947
3820906926.730	16.637	1011.066	649812622.000	16541.000	649820892.447	39285.466	649829163.000	63.956	649820892.447
3820906956.271	16.074	1010.691	649812795.000	16558.000	649821073.947	39245.143	649829353.000	63.957	649821073.947
3820906986.309	15.550	1010.414	649813041.000	16490.000	649821285.948	39406.991	649829531.000	63.921	649821285.948
3820907019.840	15.009	1010.287	649813263.000	16394.000	649821459.948	39637.761	649829657.000	63.906	649821459.948
3820907052.382	14.505	1010.127	649813398.000	16373.000	649821584.448	39688.608	649829771.000	63.968	649821584.448
3820907088.418	13.992	1009.998	649813536.000	16276.000	649821673.949	39925.146	649829812.000	63.881	649821673.949
3820907130.453	13.449	1009.896	649813565.000	16277.000	649821703.449	39922.695	649829842.000	63.892	649821703.449
3820907175.492	12.928	1009.698	649813653.000	16256.000	649821780.949	39974.273	649829909.000	63.882	649821780.949
3820907188.534	12.810	1009.650	649813729.000	16210.000	649821833.949	40087.713	649829939.000	63.858	649821833.949
3820907223.850	12.428	1009.427	649813834.000	16199.000	649821933.450	40114.941	649830033.000	63.857	649821933.450
3820907277.882	11.919	1009.079	649813815.000	16365.000	649821997.448	39708.035	649830180.000	63.880	649821997.448
3820907323.932	11.514	1009.090	649813983.000	16241.000	649822103.449	40011.213	649830224.000	63.831	649822103.449
3820907325.442	11.506	1009.082	649813983.000	16241.000	649822103.449	40011.213	649830224.000	63.831	649822103.449
3820907326.290	11.506	1009.072	649813983.000	16241.000	649822103.449	40011.213	649830224.000	63.831	649822103.449
3820907327.158	11.506	1009.069	649813983.000	16241.000	649822103.449	40011.213	649830224.000	63.831	649822103.449
3820907334.354	11.436	1009.077	649814034.000	16215.000	649822141.449	40075.371	649830249.000	63.785	649822141.449
3820907335.443	11.436	1009.069	649814034.000	16215.000	649822141.449	40075.371	649830249.000	63.785	649822141.449
3820907336.273	11.436	1009.069	649814034.000	16215.000	649822141.449	40075.371	649830249.000	63.785	649822141.449
3820907340.047	11.382	1009.062	649814034.000	16215.000	649822141.449	40075.371	649830249.000	63.785	649822141.449
3820907410.090	10.867	1009.234	649810385.000	5716.000	649813242.994	113683.213	649816101.000	65.713	649813242.994
3820907450.128	10.606	1009.342	649814275.000	15848.000	649822198.952	41003.420	649830123.000	63.668	649822198.952
3820907452.142	10.606	1009.361	649814275.000	15808.000	649822178.952	41107.172	649830083.000	63.668	649822178.952
3820907452.826	10.577	1009.370	649814275.000	15808.000	649822178.952	41107.172	649830083.000	63.668	649822178.952
3820907469.179	10.487	1009.392	649814385.000	15629.000	649822199.453	41577.977	649830014.000	63.626	649822199.453
3820907473.069	10.455	1009.446	649814385.000	15629.000	649822199.453	41577.977	649830014.000	63.626	649822199.453
3820907485.990	10.361	1009.428	649814330.000	15755.000	649822207.452	41245.459	649830085.000	63.646	649822207.452
3820907487.514	10.361	1009.427	649814330.000	15755.000	649822207.452	41245.459	649830085.000	63.646	649822207.452
3820907488.738	10.361	1009.409	649814299.000	15786.000	649822191.952	41164.462	649830085.000	63.646	649822191.952
3820907507.057	10.246	1009.511	649814264.000	15770.000	649822148.952	41206.224	649830034.000	63.672	649822148.952
3820907508.734	10.216	1009.510	649814264.000	15770.000	649822148.952	41206.224	649830034.000	63.672	649822148.952
3820907509.700	10.216	1009.510	649814264.000	15770.000	649822148.952	41206.224	649830034.000	63.672	649822148.952
3820907510.349	10.216	1009.520	649814264.000	15770.000	649822148.952	41206.224	649830034.000	63.672	649822148.952
3820907517.991	10.186	1009.482	649814364.000	15724.000	649822225.952	41326.776	649830088.000	63.650	649822225.952
3820907529.592	10.133	1009.491	649814451.000	15579.000	649822240.453	41711.422	649830030.000	63.612	649822240.453
3820907540.860	10.053	1009.430	649814456.000	15617.000	649822264.453	41609.929	649830073.000	63.612	649822264.453
3820907541.764	10.023	1009.412	649814456.000	15617.000	649822264.453	41609.929	649830073.000	63.612	649822264.453
3820907541.764	10.023	1009.412	649814397.000	15735.000	649822264.452	41297.888	649830132.000	63.645	649822264.452
3820907550.918	10.005	1009.365	649814397.000	15715.000	649822254.452	41350.446	649830112.000	63.645	649822254.452
3820907563.823	9.927	1009.253	649814429.000	15696.000	649822276.953	41400.502	649830125.000	63.627	649822276.953
3820907566.510	9.883	1009.269	649814429.000	15696.000	649822276.953	41400.502	649830125.000	63.627	649822276.953
3820907567.507	9.883	1009.272	649814386.000	15739.000	649822255.452	41287.392	649830125.000	63.627	649822255.452
3820907568.483	9.883	1009.268	649814367.000	15775.000	649822254.452	41193.170	649830142.000	63.637	649822254.452
3820907570.743	9.883	1009.262	649814367.000	15787.000	649822260.452	41161.859	649830154.000	63.637	649822260.452
3820907572.723	9.846	1009.250	649814367.000	15787.000	649822260.452	41161.859	649830154.000	63.637	649822260.452
3820907573.747	9.846	1009.262	649814367.000	15787.000	649822260.452	41161.859	649830154.000	63.637	649822260.452
3820907575.757	9.846	1009.262	649814367.000	15787.000	649822260.452	41161.859	649830154.000	63.637	649822260.452
3820907577.655	9.826	1009.256	649814367.000	15787.000	649822260.452	41161.859	649830154.000	63.637	649822260.452
3820907581.083	9.826	1009.249	649814398.000	15780.000	649822287.952	41180.120	649830178.000	63.649	649822287.952
3820907582.529	9.793	1009.240	649814392.000	15783.000	649822283.452	41172.292	649830175.000	63.652	649822283.452
3820907585.715	9.793	1009.225	649814392.000	15783.000	649822283.452	41172.292	649830175.000	63.652	649822283.452
3820907586.661	9.793	1009.236	649814392.000	15783.000	649822283.452	41172.292	649830175.000	63.652	649822283.452
3820907589.572	9.760	1009.224	649814392.000	15783.000	649822283.452	41172.292	649830175.000	63.652	649822283.452
3820907591.205	9.760	1009.186	649814392.000	15783.000	649822283.452	41172.292	649830175.000	63.652	649822283.452
3820907591.966	9.760	1009.160	649814392.000	15783.000	649822283.452	41172.292	649830175.000	63.652	649822283.452
3820907594.449	9.723	1009.149	649814486.000	15669.000	649822320.453	41471.844	649830155.000	63.642	649822320.453
3820907595.673	9.723	1009.139	649814494.000	15693.000	649822340.453	41408.420	649830187.000	63.637	649822340.453
3820907598.508	9.696	1009.139	649814494.000	15693.000	649822340.453	41408.420	649830187.000	63.637	649822340.453
3820907600.806	9.696	1009.158	649814494.000	15693.000	649822340.453	41408.420	649830187.000	63.637	649822340.453
3820907601.418	9.696	1009.158	649814494.000	15693.000	649822340.453	41408.420	649830187.000	63.637	649822340.453
3820907602.746	9.675	1009.155	649814494.000	15693.000	649822340.453	41408.420	649830187.000	63.637	649822340.453
3820907606.348	9.675	1009.149	649814494.000	15693.000	649822340.453	41408.420	649830187.000	63.637	649822340.453
3820907606.981	9.675	1009.148	649814465.000	15722.000	649822325.952	41332.040	649830187.000	63.637	649822325.952
3820907608.643	9.646	1009.132	649814435.000	15768.000	649822318.952	41211.461	649830203.000	63.655	649822318.952
3820907609.636	9.646	1009.126	649814435.000	15768.000	649822318.952	41211.461	649830203.000	63.655	649822318.952
3820907611.027	9.646	1009.104	649814435.000	15768.000	649822318.952	41211.461	649830203.000	63.655	649822318.952
3820907614.466	9.596	1009.094	649814435.000	15768.000	649822318.952	41211.461	649830203.000	63.655	649822318.952
3820907615.366	9.596	1009.055	649814435.000	15768.000	649822318.952	41211.461	649830203.000	63.655	649822318.952
3820907616.340	9.596	1009.066	649814435.000	15768.000	649822318.952	41211.461	649830203.000	63.655	649822318.952
3820907617.172	9.596	1009.078	649814435.000	15768.000	649822318.952	41211.461	649830203.000	63.655	649822318.952
3820907623.160	9.579	1009.088	649814458.000	15742.000	649822328.952	41279.528	649830200.000	63.642	649822328.952
3820907624.344	9.558	1009.100	649814458.000	15742.000	649822328.952	41279.528	649830200.000	63.642	649822328.952
3820907626.982	9.558	1009.087	649814458.000	15742.000	649822328.952	41279.528	649830200.000	63.642	649822328.952
3820907627.852	9.558	1009.093	649814458.000	15742.000	649822328.952	41279.528	649830200.000	63.642	649822328.952
3820907630.833	9.524	1009.068	649814458.000	15742.000	649822328.952	41279.528	649830200.000	63.642	649822328.952
3820907646.759	9.447	1008.907	649814505.000	15698.000	649822353.953	41395.232	649830203.000	63.637	649822353.953
3820907649.654	9.447	1008.890	649814510.000	15748.000	649822383.952	41263.804	649830258.000	63.634	649822383.952
3820907651.246	9.396	1008.843	649814510.000	15748.000	649822383.952	41263.804	649830258.000	63.634	649822383.952
3820907657.022	9.378	1008.783	649814510.000	15748.000	649822383.952	41263.804	649830258.000	63.634	649822383.952
3820907658.407	9.378	1008.773	649814510.000	15748.000	649822383.952	41263.804	649830258.000	63.634	649822383.952
3820907659.117	9.378	1008.766	649814548.000	15710.000	649822402.953	41363.616	649830258.000	63.634	649822402.953
3820907660.060	9.344	1008.750	649814546.000	15713.000	649822402.453	41355.718	649830259.000	63.635	649822402.453
3820907662.082	9.344	1008.759	649814556.000	15693.000	649822402.453	41408.424	649830249.000	63.629	649822402.453
3820907663.385	9.344	1008.741	649814556.000	15693.000	649822402.453	41408.424	649830249.000	63.629	649822402.453
3820907665.515	9.336	1008.731	649814556.000	15693.000	649822402.453	41408.424	649830249.000	63.629	649822402.453
3820907669.406	9.336	1008.703	649814556.000	15693.000	649822402.453	41408.424	649830249.000	63.629	649822402.453
3820907674.045	9.296	1008.639	649814548.000	15755.000	649822425.452	41245.473	649830303.000	63.640	649822425.452
3820907680.006	9.268	1008.554	649814548.000	15759.000	649822427.452	41235.004	649830307.000	63.640	649822427.452
3820907685.654	9.246	1008.480	649814569.000	15738.000	649822437.952	41290.027	649830307.000	63.640	649822437.952
3820907689.535	9.199	1008.427	649814550.000	15757.000	649822428.452	41240.238	649830307.000	63.649	649822428.452
3820907693.181	9.173	1008.385	649814550.000	15757.000	649822428.452	41240.238	649830307.000	63.649	649822428.452
3820907697.150	9.150	1008.362	649814550.000	15757.000	649822428.452	41240.238	649830307.000	63.649	649822428.452
3820907701.101	9.150	1008.331	649814613.000	15678.000	649822451.953	41448.045	649830291.000	63.616	649822451.953
3820907703.758	9.133	1008.314	649814613.000	15678.000	649822451.953	41448.045	649830291.000	63.616	649822451.953
3820907708.027	9.103	1008.282	649814613.000	15678.000	649822451.953	41448.045	649830291.000	63.616	649822451.953
3820907711.465	9.103	1008.255	649814647.000	15644.000	649822468.953	41538.128	649830291.000	63.616	649822468.953
3820907715.461	9.071	1008.217	649814618.000	15743.000	649822489.452	41276.916	649830361.000	63.632	649822489.452
3820907716.823	9.052	1008.204	649814618.000	15743.000	649822489.452	41276.916	649830361.000	63.632	649822489.452
3820907719.836	9.052	1008.185	649814618.000	15743.000	649822489.452	41276.916	649830361.000	63.632	649822489.452
3820907722.272	9.052	1008.182	649814618.000	15743.000	649822489.452	41276.916	649830361.000	63.632	649822489.452
3820907724.100	9.020	1008.165	649814618.000	15743.000	649822489.452	41276.916	649830361.000	63.632	649822489.452
3820907726.823	9.020	1008.146	649814651.000	15723.000	649822512.452	41329.423	649830374.000	63.635	649822512.452
3820907730.842	9.000	1008.039	649814651.000	15723.000	649822512.452	41329.423	649830374.000	63.635	649822512.452
3820907734.265	8.963	1007.996	649814651.000	15723.000	649822512.452	41329.423	649830374.000	63.635	649822512.452
3820907738.239	8.938	1007.987	649814680.000	15694.000	649822526.953	41405.794	649830374.000	63.635	649822526.953
3820907740.538	8.938	1007.977	649814663.000	15714.000	649822519.953	41353.094	649830377.000	63.643	649822519.953
3820907742.946	8.938	1007.942	649814663.000	15714.000	649822519.953	41353.094	649830377.000	63.643	649822519.953
3820907744.882	8.906	1007.907	649814663.000	15714.000	649822519.953	41353.094	649830377.000	63.643	649822519.953
3820907747.597	8.906	1007.902	649814663.000	15714.000	649822519.953	41353.094	649830377.000	63.643	649822519.953
3820907750.777	8.888	1007.864	649814663.000	15714.000	649822519.953	41353.094	649830377.000	63.643	649822519.953
3820907753.081	8.888	1007.840	649814704.000	15659.000	649822533.453	41498.342	649830363.000	63.626	649822533.453
3820907755.770	8.856	1007.810	649814704.000	15646.000	649822526.953	41532.822	649830350.000	63.626	649822526.953
3820907757.597	8.856	1007.799	649814704.000	15646.000	649822526.953	41532.822	649830350.000	63.626	649822526.953
3820907759.010	8.828	1007.767	649814704.000	15646.000	649822526.953	41532.822	649830350.000	63.626	649822526.953
3820907761.035	8.828	1007.748	649814704.000	15646.000	649822526.953	41532.822	649830350.000	63.626	649822526.953
3820907764.424	8.828	1007.688	649814678.000	15672.000	649822513.953	41463.917	649830350.000	63.626	649822513.953
3820907767.219	8.800	1007.672	649814639.000	15768.000	649822522.952	41211.474	649830407.000	63.648	649822522.952
3820907771.496	8.764	1007.672	649814639.000	15768.000	649822522.952	41211.474	649830407.000	63.648	649822522.952
3820907775.844	8.736	1007.608	649814639.000	15768.000	649822522.952	41211.474	649830407.000	63.648	649822522.952
3820907780.869	8.717	1007.571	649814614.000	15606.000	649822416.953	41639.268	649830220.000	63.571	649822416.953
3820907784.929	8.717	1007.571	649814614.000	15606.000	649822416.953	41639.268	649830220.000	63.571	649822416.953
3820907788.011	8.682	1007.514	649814614.000	15606.000	649822416.953	41639.268	649830220.000	63.571	649822416.953
3820907791.701	8.660	1007.444	649814812.000	14705.000	649822164.458	44190.559	649829517.000	63.173	649822164.458
3820907793.152	8.660	1007.412	649814812.000	14856.000	649822239.958	43741.400	649829668.000	63.173	649822239.958
3820907795.176	8.637	1007.380	649814812.000	14856.000	649822239.958	43741.400	649829668.000	63.173	649822239.958
3820907800.171	8.637	1007.317	649814812.000	14856.000	649822239.958	43741.400	649829668.000	63.173	649822239.958
3820907803.440	8.612	1007.268	649814078.000	15590.000	649821872.953	41681.967	649829668.000	63.173	649821872.953
3820907805.412	8.612	1007.233	649815185.000	13743.000	649822056.464	47283.858	649828928.000	62.472	649822056.464
3820907806.576	8.573	1007.230	649815185.000	13743.000	649822056.464	47283.858	649828928.000	62.472	649822056.464
3820907808.400	8.573	1007.212	649815185.000	13743.000	649822056.464	47283.858	649828928.000	62.472	649822056.464
3820907810.228	8.573	1007.171	649815185.000	13743.000	649822056.464	47283.858	649828928.000	62.472	649822056.464
3820907812.369	8.551	1007.123	649815185.000	13743.000	649822056.464	47283.858	649828928.000	62.472	649822056.464
3820907815.068	8.551	1007.107	649815185.000	13743.000	649822056.464	47283.858	649828928.000	62.472	649822056.464
3820907818.336	8.530	1007.066	649816912.000	10473.000	649822148.479	62047.374	649827385.000	60.036	649822148.479
3820907821.230	8.530	1007.010	649816912.000	10473.000	649822148.479	62047.374	649827385.000	60.036	649822148.479
3820907826.412	8.502	1006.941	649816912.000	10473.000	649822148.479	62047.374	649827385.000	60.036	649822148.479
3820907835.261	8.446	1006.890	649820687.000	6110.000	649823741.993	106354.131	649826797.000	55.132	649823741.993
3820907847.818	8.364	1006.680	649824908.000	2915.000	649826365.498	222924.997	649827823.000	48.048	649826365.498
3820907858.589	8.311	1006.524	649828358.000	1718.000	649829216.999	378247.507	649830076.000	40.722	649829216.999
3820907861.117	8.311	1006.461	649828358.000	1718.000	649829216.999	378247.507	649830076.000	40.722	649829216.999
3820907874.056	8.237	1006.301	649830037.000	1610.000	649830842.000	403621.641	649831647.000	38.321	649830842.000
3820907887.530	8.180	1006.153	649830677.000	1603.000	649831478.500	405384.578	649832280.000	37.923	649831478.500
3820907900.918	8.098	1005.993	649831029.000	1599.000	649831828.500	406398.892	649832628.000	37.437	649831828.500
3820907914.212	8.044	1005.825	649831265.000	1606.000	649832068.000	404627.689	649832871.000	37.346	649832068.000
3820907926.968	7.973	1005.637	649831430.000	1622.000	649832240.999	400636.400	649833052.000	37.707	649832240.999
3820907939.141	7.931	1005.491	649832365.000	178.000	649832454.000	3650744.124	649832543.000	16.725	649832454.000
3820907953.353	7.856	1005.275	649832532.000	104.000	649832584.000	6248390.231	649832636.000	15.676	649832584.000
3820907963.017	7.796	1005.107	649832532.000	104.000	649832584.000	6248390.231	649832636.000	15.676	649832584.000
3820907970.541	7.774	1005.033	649832627.000	174.000	649832714.000	3734670.770	649832801.000	15.176	649832714.000
3820907980.053	7.726	1004.839	649832633.000	36.000	649832651.000	18050906.972	649832669.000	19.185	649832651.000
3820907991.973	7.668	1004.660	649832823.000	174.000	649832910.000	3734671.897	649832997.000	13.951	649832910.000
3820908003.303	7.617	1004.549	649832891.000	123.000	649832952.500	5283194.736	649833014.000	13.322	649832952.500
3820908017.357	7.550	1004.371	649832980.000	82.000	649833021.000	7924792.939	649833062.000	15.348	649833021.000
3820908029.246	7.502	1004.180	649833043.000	76.000	649833081.000	8550435.276	649833119.000	17.520	649833081.000
3820908043.242	7.431	1003.991	649833004.000	47.000	649833027.500	13826234.628	649833051.000	19.406	649833027.500
3820908056.374	7.382	1003.835	649833077.000	36.000	649833095.000	18050919.306	649833113.000	19.868	649833095.000
3820908068.570	7.310	1003.606	649833131.000	52.000	649833157.000	12496791.481	649833183.000	17.358	649833157.000
3820908074.208	7.285	1003.517	649833131.000	52.000	649833157.000	12496791.481	649833183.000	17.358	649833157.000
3820908076.233	7.285	1003.500	649833131.000	52.000	649833157.000	12496791.481	649833183.000	17.358	649833157.000
3820908082.609	7.260	1003.401	649833327.000	40.000	649833347.000	16245833.675	649833367.000	20.205	649833347.000
3820908089.019	7.224	1003.316	649833327.000	40.000	649833347.000	16245833.675	649833367.000	20.205	649833347.000
3820908105.066	7.162	1003.084	649833252.000	54.000	649833279.000	12033949.611	649833306.000	18.771	649833279.000
3820908114.573	7.125	1002.956	649833310.000	192.000	649833406.000	3384548.990	649833502.000	16.919	649833406.000
3820908126.415	7.061	1002.861	649833381.000	63.000	649833412.500	10314816.071	649833444.000	17.106	649833412.500
3820908150.284	6.971	1002.562	649833585.000	200.000	649833685.000	3249168.425	649833785.000	10.944	649833685.000
3820908162.212	6.894	1002.413	649833629.000	188.000	649833723.000	3456562.356	649833817.000	12.979	649833723.000
3820908193.149	6.770	1001.821	649833766.000	204.000	649833868.000	3185460.137	649833970.000	11.760	649833868.000
3820908323.217	6.261	1000.806	649834084.000	39.000	649834103.500	16662412.910	649834123.000	45.180	649834103.500
3820908324.241	6.261	1000.791	649834084.000	39.000	649834103.500	16662412.910	649834123.000	45.180	649834103.500
3820908377.805	6.067	1000.603	649834358.000	97.000	649834406.500	6699323.778	649834455.000	38.785	649834406.500
3820908391.110	6.010	1000.617	649834238.000	86.000	649834281.000	7556212.570	649834324.000	40.678	649834281.000
3820908391.751	6.010	1000.645	649834238.000	86.000	649834281.000	7556212.570	649834324.000	40.678	649834281.000
3820908392.605	6.010	1000.645	649834238.000	86.000	649834281.000	7556212.570	649834324.000	40.678	649834281.000
3820908400.234	5.996	1000.702	649834343.000	160.000	649834423.000	4061465.144	649834503.000	35.607	649834423.000
3820908402.259	5.982	1000.689	649834343.000	160.000	649834423.000	4061465.144	649834503.000	35.607	649834423.000
3820908425.892	5.912	1000.685	649834344.000	206.000	649834447.000	3154536.150	649834550.000	36.593	649834447.000
3820908437.483	5.866	1000.674	649834380.000	68.000	649834414.000	9556388.441	649834448.000	40.170	649834414.000
3820908438.665	5.866	1000.673	649834380.000	68.000	649834414.000	9556388.441	649834448.000	40.170	649834414.000
3820908439.221	5.866	1000.692	649834380.000	68.000	649834414.000	9556388.441	649834448.000	40.170	649834414.000
3820908464.044	5.776	1000.626	649834364.000	70.000	649834399.000	9283348.557	649834434.000	35.799	649834399.000
3820908533.586	5.574	1000.543	649834395.000	96.000	649834443.000	6769108.781	649834491.000	36.525	649834443.000
3820908606.629	5.371	1000.524	649834408.000	63.000	649834439.500	10314832.373	649834471.000	39.178	649834439.500
3820908698.172	5.157	1000.544	649834410.000	64.000	649834442.000	10153663.156	649834474.000	39.511	649834442.000
3820908803.213	4.944	1000.601	649834365.000	216.000	649834473.000	3008492.931	649834581.000	33.136	649834473.000
3820908923.284	4.740	1000.572	649834368.000	122.000	649834429.000	5326511.713	649834490.000	33.905	649834429.000
3820909067.869	4.537	1000.660	649834360.000	104.000	649834412.000	6248407.808	649834464.000	36.638	649834412.000
3820909258.961	4.334	1000.693	649834332.000	90.000	649834377.000	7220381.967	649834422.000	34.578	649834377.000
